0
5473
8738
9758
13615
13655
16968
19033
19738
19776
21569
24427
24676
26316
26972
27701
33679
34815
39468
42380
48340
49061
87963
145999
152955
160412
240116
328965
352205
394752
929809
986895
990018
1118464
1118481
1194807
1272880
1359565
1458749
1512734
1642503
1644825
1651584
1655358
1710618
1717629
1728193
1793568
1913758
1973790
2004720
2040592
2171169
2236962
2240068
2301728
2302726
2302755
2305087
2367520
2368015
2370892
2374579
2399474
2499106
2501139
2631706
2695475
2697236
2700101
2706568
2764564
2770241
2820104
2827062
2831171
2836760
2961942
2961974
3022597
3024399
3025679
3091481
3095635
3105945
3155515
3156522
3158064
3181322
3183362
3225365
3287866
3292238
3351066
3354413
3355443
3393339
3418688
3428943
3434779
3542630
3554585
3555410
3584191
3629602
3681605
3682365
3684408
3685913
3687771
3751964
3764671
3773998
3819363
3827631
3832097
3881787
3893870
3968060
4007447
4015388
4016230
4065802
4073251
4171712
4222837
4285507
4311295
4340748
4342338
4408131
4470602
4473924
4495803
4536109
4539717
4542047
4554149
4612472
4666933
4671303
4671773
4735568
4807556
4809033
4854924
4985359
5004936
5053184
5054720
5054731
5058816
5066061
5068381
5072410
5131837
5202571
5265244
5278900
5286655
5333900
5378955
5389875
5395026
5399951
5459435
5460810
5592405
5666134
5862272
5918280
5991734
6052945
6059135
6123416
6164237
6184542
6247213
6255001
6291544
6381914
6381921
6386587
6452380
6510384
6645086
6645094
6649758
6687291
6699455
6702131
6702352
6710886
6710937
6834797
6847136
6908265
6912672
6967599
6974058
6978721
7110307
7224647
7237230
7241636
7353344
7373221
7377829
7434609
7542806
7551546
7556390
7566195
7569544
7570599
7574971
7678208
7679232
7680768
7681024
7682048
7686400
7686912
7763302
7962747
8000018
8026746
8033996
8060972
8079449
8163038
8263442
8327953
8355711
8359599
8391449
8399890
8406579
8408320
8421504
8440772
8445674
8487025
8505220
8550167
8579598
8756670
8916559
8947848
8948792
8954306
9163744
9211020
9217221
9281665
9404166
9408399
9414857
9539985
9542833
9642240
9682745
9718290
9753850
9868950
10000279
10066329
10167040
10167474
10197647
10242335
10255717
10340289
10426903
10506258
10526880
10592406
10592673
10597066
10717951
10725544
10726333
10790054
10921638
10923969
11053224
11054260
11055555
11057133
11112295
11184810
11190117
11250586
11450056
11453035
11584112
11586255
11647691
11710882
11711154
11720246
11720952
11770767
11779276
11781233
11836942
11841150
11898395
11908789
12000284
12039862
12039875
12042450
12105912
12372094
12517551
12634069
12700809
12763315
12765654
12895428
12897240
13029267
13155550
13160154
13224123
13407549
13420474
13423325
13484259
13538264
13615592
13620648
13746411
13749671
13942770
14016506
14079186
14144428
14275263
14539184
14672876
14734784
14735550
14739446
14808273
14934482
14951168
14999213
15000299
15014691
15022389
15037299
15062700
15086900
15094016
15200735
15214341
15261896
15263452
15327708
15395046
15464672
15592411
15656370
15690752
15724011
15754290
15786702
15790320
15920618
15921852
15921906
16027569
16056407
16064048
16088855
16112868
16119285
16185078
16250871
16251388
16308697
16311482
16382459
16391736
16447992
16448250
16514302
16557154
16575614
16579056
16644345
16645372
16728450
16733203
16733986
16740096
16741158
16742950
16746278
16747109
16749632
16750080
16750592
16752972
16757286
16760320
16760658
16762880
16763432
16763913
16765952
16766008
16773286
16774560
16777215
436602368
437326080
438512703
439499854
442905727
443317667
443317923
443449252
443580837
444964286
445161922
446933949
447065535
451800027
451931627
452852988
452984831
609045837
655966782
656616511
657273366
661224096
661421475
661421731
661553060
661684645
663068094
663265730
663528645
665037757
665169343
666683518
669119697
670956796
855666792
856032768
856399686
856756480
856756497
857096765
857223704
857293374
857551774
857943103
858408257
858532890
858729497
858733651
859465647
859519803
859645463
860111940
860133819
860174125
860177733
860180063
860445572
860706397
860903260
860971916
861027891
861037967
861097451
861690961
861761432
861885229
861893017
862024603
862076287
862090396
862148400
862287774
862348902
862485152
862550688
862616737
862748067
862748323
862862663
862879652
863011237
863203947
863207560
863664762
863850275
864394686
864585864
864592322
864835622
864855237
864925824
865052873
865356306
865871792
865884679
865893733
866144274
866235082
866355967
866363560
866364349
866495935
866561985
866693571
867088072
867285707
867417292
867677891
868272085
868403670
868514559
868717163
868862139
869061341
869387687
869717202
870446289
870838751
871230427
871558634
871559922
872283388
872415231
1076046911
1090387196
1216522952
1219862890
1291845632
1291851105
1292240384
1292832527
1292964096
1293304381
1293431320
1293500990
1294082594
1294150719
1294545733
1294615873
1294740506
1294807606
1294937113
1294941267
1295003696
1295137870
1295201075
1295401042
1295429823
1295527997
1295673263
1295727419
1295730007
1295853079
1296017344
1296187970
1296316234
1296319556
1296341435
1296381741
1296385349
1296387679
1296399781
1296653188
1296850568
1296914013
1296977469
1297048203
1297109072
1297110876
1297124532
1297179532
1297235507
1297245583
1297305067
1297438037
1297898577
1297969048
1298092845
1298100633
1298131758
1298232219
1298283903
1298298012
1298356016
1298359132
1298426738
1298495390
1298556518
1298692768
1298758304
1298824353
1298955683
1298955939
1299070279
1299087268
1299218853
1299220648
1299411563
1299415176
1299481768
1299523840
1299549614
1299613353
1299744938
1299810731
1299872378
1299878579
1300008109
1300057891
1300267136
1300273336
1300332657
1300402609
1300602302
1300793480
1300797109
1300799938
1301043238
1301062853
1301133440
1301260489
1301433013
1301563922
1301599482
1301714310
1301848498
1301979828
1302092295
1302101349
1302243000
1302351890
1302442698
1302563583
1302571176
1302571965
1302703551
1302769601
1302901187
1303295688
1303493323
1303556514
1303624908
1303885507
1304479701
1304608947
1304611286
1304722175
1304742872
1304924779
1305005786
1305069755
1305268957
1305595303
1305924818
1306653905
1306780114
1306845920
1307046367
1307240678
1307438043
1307569643
1307766250
1307767538
1308030710
1308293882
1308491004
1308576652
1308586790
1308604747
1308622847
1513045075
1525870058
1545508592
1560281087
1711276032
1711281505
1711304808
1711670784
1712037702
1713316624
1713581119
1714046273
1714371667
1714631475
1715103663
1715157819
1715749956
1715771835
1715818079
1716344413
1716868437
1717523245
1717714303
1717786416
1717789532
1717857138
1718845576
1719488291
1720223880
1720473638
1720994322
1721029882
1721144710
1721522695
1721782290
1721993983
1722001576
1723315907
1724152575
1724355179
1724500155
1724896680
1725355218
1727196650
1727921404
1728053247
1932475475
1945300458
2147483648
2147512424
2147878400
2148141581
2148214779
2148245318
2149069336
2149139006
2149713445
2149720610
2149788735
2150579283
2150839091
2151067839
2151365435
2151655360
2151825986
2151957572
2152023365
2152025695
2152037797
2152219216
2152291204
2152292681
2152552029
2152615485
2152748892
2152762548
2153076053
2153536593
2153769774
2153921919
2153997148
2154064754
2154984050
2155040038
2155053192
2155510394
2155695907
2155711462
2155839359
2156431496
2156681254
2156771456
2157352326
2158201599
2158209192
2159483932
2159523523
2160246963
2160360191
2160707771
2160906973
2161562834
2162291921
2162506037
2163123456
2163404266
2163405554
2163596516
2164002331
2164129020
2164214668
2164260863
2370396489
2371253590
2566914048
2566942824
2567571981
2567645179
2567675718
2568499736
2568569406
2569143845
2569151010
2570009683
2570269491
2571453765
2571456095
2571721604
2571723081
2572580182
2573200174
2573352319
2576201856
2579790591
2580337373
2580993234
2581722321
2582553856
2582834666
2582835954
2583432731
2583691263
2789826889
2790478666
2790683990
2801596912
3003121664
3003150440
3003473869
3003779597
3003852795
3003883334
3004777022
3005351461
3005358626
3006477107
3007663711
3009559935
3010167715
3012467641
3015998207
3017200850
3017929937
3018761472
3019640347
3019898879
3226034505
3226891606
3227511598
3258727484
3422763904
3424207422
3427223837
3427361097
3428218198
3428990335
3431500856
3432785840
3435428607
3437360337
3641313805
3641387003
3642885669
3642892834
3644011315
3645464905
3646322006
3647094143
3653532415
3657174555
3864024924
3866316070
3869477631
3942645760
4043309055
4278401920
4278542285
4280495167
4281021251
4287393810
4288423856
4288578070
4292206586
4294761984
4294835452
4294921100
4294960384
4294967105
